# This file is part of the NetBuilder example
# 27 routers, 1 storage, 27 refletor, 1 indexer, 1 processor
# src  dest   delay    error datarate
   0    6      0.01       0     6e6
   1    20     0.01       0     34e6
   2    24     0.01       0     20e6
   3    24     0.01       0     20e6
   4    16     0.01       0     25e8
   4    20     0.01       0     25e8
   5    12     0.01       0     25e8
   5    16     0.01       0     25e8
   6    8      0.01       0     622e6
   6    10     0.01       0     155e6
   6    11     0.01       0     155e6
   6    12     0.01       0     1e10
   6    19     0.01       0     6e6
   6    22     0.01       0     25e8
   6    24     0.01       0     1e10
   6    26     0.01       0     34e6
   7    20     0.01       0     155e6
   9    20     0.01       0     155e6
   12   20     0.01       0     1e10
   13   20     0.01       0     2e7
   14   16     0.01       0     155e6
   15   23     0.01       0     25e8
   15   24     0.01       0     25e8
   16   21     0.01       0     155e6
   17   20     0.01       0     34e6
   18   24     0.01       0     6e6
   20   24     0.01       0     1e10
   20   25     0.01       0     34e6
   22   23     0.01       0     25e8
# storage   
   0    27     0.01       0     1e9
# refletor
   0    28     0.01       0     1e9
   1    29     0.01       0     1e9
   2    30     0.01       0     1e9
   3    31     0.01       0     1e9
   4    32     0.01       0     1e9
   5    33     0.01       0     1e9
   6    34     0.01       0     1e9
   7    35     0.01       0     1e9
   8    36     0.01       0     1e9
   9    37     0.01       0     1e9
   10   38     0.01       0     1e9
   11   39     0.01       0     1e9
   12   40     0.01       0     1e9
   13   41     0.01       0     1e9
   14   42     0.01       0     1e9
   15   43     0.01       0     1e9
   16   44     0.01       0     1e9
   17   45     0.01       0     1e9
   18   46     0.01       0     1e9
   19   47     0.01       0     1e9
   20   48     0.01       0     1e9
   21   49     0.01       0     1e9
   22   50     0.01       0     1e9
   23   51     0.01       0     1e9
   24   52     0.01       0     1e9
   25   53     0.01       0     1e9
   26   54     0.01       0     1e9  
# indexer
   0    55     0.01       0     1e9
# processor     
   0    56     0.01       0     1e9